"Aggression"	"Television"	"Video_Games"	"Sibling_Aggression"	"Diet"	"Parenting_Style"
"1"	2.37416043064046	2.17267053604197	2.1419066863122	1.67178363020079	1.88969715147043	4.72096608734162
"2"	2.7711534016966	1.96712815757178	2.70991822158973	2.57683666658489	1.97700970056364	3.75183345618065
"3"	1.90227242324705	1.92553979450528	1.60985944363829	1.78281594820987	2.28030050073384	4.67193702552886
"4"	2.01593530831723	1.99557336856974	1.59191964042167	2.04622325447524	1.73652077230646	3.99488069221645
"5"	1.72461540987239	1.32476131013697	1.72222219490754	1.10895462307334	2.22658139146375	5.48947781609902
"6"	2.15785329860279	2.20248013508831	2.3215082906082	1.84628737986254	1.63136181455032	3.25901771683521
"7"	2.126216995343	2.18666420145742	2.30626593228124	2.51178221493039	1.33903394648719	5.09229437892248
"8"	2.00593043640033	2.05004365965187	1.89508175494542	2.11305375226211	2.00315417012425	4.78212611019324
"9"	1.7944126601959	1.56951996968026	2.00230351147431	2.23494285505974	2.38701775839414	5.11290539128183
"10"	1.66988863323434	1.67961113155479	1.32164111930109	1.91432471301101	1.58624213659787	3.20520331313644
"11"	2.32658350986801	1.95458242714876	1.33664491042163	2.16288549150649	1.69764268097129	4.62405750803013
"12"	1.49278892320613	1.67514494740381	2.05928496358971	2.48017646276682	1.89468711996036	3.5750735487273
"13"	1.62930975838658	2.36546821181167	2.0862239651039	2.15428171365706	2.27453177210572	5.42744108645753
"14"	2.07670733811184	2.20814807121453	1.93995262069242	2.28475766798535	2.04757127219718	5.21680180930473
"15"	1.52773038906025	1.77191450625331	1.9732428494863	1.59170512906196	1.72644988782773	3.25298485274029
"16"	2.14311723241647	1.99639220429795	2.0068914356993	2.16255943006253	1.9209523609145	5.4106990419958
"17"	1.91461224522814	1.93064061305408	2.03906655570405	2.00351665369345	2.17390353646672	5.01883278312942
"18"	1.82555671965364	1.37429461545614	1.94879830755804	1.51192667186439	2.66417093541736	5.17066566884865
"19"	2.03781777284713	1.66906572030553	1.42516485736408	1.65382147536196	1.74772318614438	4.43376911121231
"20"	2.29069501081848	2.31608556486395	2.20504648109165	1.93553455143779	2.38526009684342	7.28142777850715
"21"	1.85677200188261	1.99599151641841	2.36264330865513	1.95960776502597	1.13852401470578	6.59329493999608
"22"	1.97588628420724	1.93908723496104	1.83642566534358	1.78435896891835	2.5883571823613	4.6430902685805
"23"	1.73504723775275	1.40578549369857	2.05518042696413	1.91988703636588	1.25615474908941	3.82481294566101
"24"	2.12628360321226	1.85331450666982	1.6473809520421	1.87495044618752	1.73070307926206	3.74475532749141
"25"	2.07862754754594	1.88314184860743	1.86557341350412	2.11697668833525	1.97439941799095	4.33419890509526
"26"	1.95594964118662	2.12226344386587	2.02883888688649	2.0547118145901	1.99787765353999	4.86057906561733
"27"	1.9070615313454	1.77282106394997	1.98837578444545	2.17429957334198	2.44191242682045	4.3812111247914
"28"	1.96783053495805	1.91294790950867	1.56571849240671	2.00239580386679	2.0612111683368	4.24274248813059
"29"	1.49984031853426	2.40257196608615	1.53514131793973	2.33503389012682	1.77881526726727	4.01599839829335
"30"	1.90811218301385	2.42198427312738	2.4670932937132	2.00916869761798	2.6347815373107	5.65272193897148
"31"	2.08225284382034	2.41665889594153	2.6266883095117	2.78849557118	2.69855307019767	5.55635000991412
"32"	1.91518535827502	1.99291107208564	1.90193082135873	1.90050779155946	1.96962876655346	5.46218651003422
"33"	1.40323555832588	1.72863121663462	1.87647785209888	1.70401902519127	1.68119648874386	4.13720037101042
"34"	1.50371411015264	2.29542087659956	1.64191850292055	1.97407680088429	1.96988598329022	5.64005025826231
"35"	1.63367264361161	2.14615674254834	2.25893822988133	1.95840644938279	2.0567212070251	5.31121193578676
"36"	1.44866306751359	2.42441087769519	1.71187029889908	2.16979630987281	2.0245592139388	5.72227751861321
"37"	2.07004817945641	1.45399574050041	1.51135504049477	1.51964466603775	2.30821809899479	3.12481910543917
"38"	2.21496780477292	1.96587712554011	1.78011927771337	2.00289074853785	1.96769717948588	4.76427412024049
"39"	2.04867622593657	2.36431457002408	2.88943620563088	2.25848232768407	2.6676448577138	5.33612150026764
"40"	1.99747994474667	1.80616573504301	0.84616545205344	2.55715213114572	1.88502283589829	6.41545226548169
"41"	2.07922303985036	2.06464142790752	1.9751375481194	2.03204959788817	1.95757415679042	5.0018039152006
"42"	1.981753686586	2.24567300299536	1.93343667584253	1.22571101057295	1.65651436735754	5.29015700210589
"43"	2.39187457307914	2.21486963843572	1.91209515455783	1.74613086361348	1.96639840139808	6.57357474839708
"44"	2.13226642432305	2.1023528998724	2.24444833641551	2.11477094592619	1.84161366707617	5.5578718384256
"45"	1.06901607511826	1.85304269870493	2.58503832128944	2.14391412333136	2.13415674234434	3.95290394361826
"46"	1.96599329204029	2.21656759270549	2.19941235791049	1.97672463083873	1.81638899344202	4.41296438872049
"47"	2.84376963597373	1.46662812986362	2.62674291439406	2.0061937922036	1.94574690263758	5.23865782225361
"48"	2.00053528687332	1.66074645603378	2.02337474765369	1.24153940252331	1.53116558459209	4.76107251072364
"49"	1.66245860375667	2.10978668462653	1.9903941743655	1.73686998977386	1.95205652923674	5.8368768937775
"50"	2.17532796724064	2.25361422464612	2.61003620129149	2.14017359487445	2.13541662888947	5.33868047096641
"51"	1.86762559186289	1.80006409499082	1.69590426800895	1.31301770039644	2.16316794386819	3.78264507953466
"52"	2.23111180183455	1.99080083572359	1.76544776789427	2.12294156412746	1.42544129702256	4.88289624332041
"53"	2.05586414327523	2.06061464859611	2.00088395098203	2.0155013769202	2.00511006870131	5.18185404121022
"54"	2.1374658035311	1.82759797626095	2.67944235265835	2.64029630714731	2.66441856324333	6.32834139741449
"55"	1.97145132781955	2.09645043384201	2.32205007782769	1.98241264935868	2.06836061411868	4.02991180882287
"56"	1.4194938134133	1.95352428598943	2.08026200522107	2.05323410081941	2.1712804628175	4.88997235411509
"57"	2.03316351748545	1.82884248654068	2.28215119932166	2.28599145286361	2.29819820459256	4.25483893912477
"58"	2.19635897414586	2.04594657410834	2.2559056065031	1.81514414158417	1.89087791034298	5.3144194489782
"59"	2.71183893570163	1.74123104559802	3.07627412377195	1.43452627509788	2.37190083962005	7.4579127607346
"60"	2.16773696165283	2.05854388148019	1.90911567544726	2.09010798825188	1.79124080264449	4.70637150535483
"61"	1.95709715139484	2.20990382144744	1.58791656092987	1.50009658652354	1.86481286847004	4.35725906977829
"62"	2.36541625986104	1.93353271724432	1.98385348272085	2.46246763522972	1.56250522561194	6.83773779389392
"63"	1.81448349704585	2.10335532453214	2.03156700762028	1.9931960242143	2.14693709750154	5.31456986538786
"64"	1.87963733708489	1.86737058735624	2.08553281869805	2.19397401627934	2.1108539598264	5.01400600406347
"65"	2.401019925514	2.21530526806117	1.87811232965865	2.05144544399821	1.12119764997896	5.63066967163072
"66"	1.8522168803337	2.2252714367733	1.92820486662834	2.31071272933746	2.19183722745845	4.13680598863326
"67"	2.05331502082604	2.03172018643246	1.91921133361316	2.21930908585825	2.12143314033034	5.41267286610185
"68"	2.09120965389563	1.9507107535579	2.1509307138954	1.4453203241733	1.728928708319	5.12130989465171
"69"	1.96739686067833	1.94258947558782	2.13729147938806	2.00564118434549	2.01531622517763	5.06193315791724
"70"	1.81975995626939	2.1941192604158	1.87682722259493	1.99419909888306	2.01740480349594	5.04656745272529
"71"	1.13957634838072	1.67265004306477	1.89771475702149	2.08845440987773	2.34034719153725	4.30110347848038
"72"	1.6879983951878	1.27261012433502	1.16022433109869	1.87744025199931	2.81078317184299	4.02846289411123
"73"	1.90022247795966	1.74032732423185	1.92912457087905	1.9601769117803	1.9779720945762	4.5494407603512
"74"	2.06852053021527	2.5438946299278	1.05336894913651	1.40393769187162	1.76804478192111	4.14126013856427
"75"	2.73747074409915	2.05104538314415	2.06804260639391	2.74247894603237	2.36075292821479	5.92431970632751
"76"	1.36472984663585	1.1665525053394	1.12391822838342	1.37143010362472	2.11369166485065	2.86583066922203
"77"	2.03447947707882	1.84418436203771	2.18473773798137	2.24113489153535	2.37348734418989	5.77001467872395
"78"	2.05931711653778	1.54627570832026	1.78995180274514	1.77536672953416	1.98059786171064	3.84480692498711
"79"	2.16071401292256	2.4221434109665	1.84474127705022	2.49078468568553	3.185019509823	6.78084550279416
"80"	1.72328605580409	2.01945977331788	2.0219944279144	2.51374915697894	2.04936875869088	4.40409840314878
"81"	2.14692525140844	2.01666777766885	1.7565039600067	2.14285691141523	2.21260192966937	5.20052018649947
"82"	1.91824721947856	2.08005272524859	1.47937953942644	2.00706766459547	2.41370968944845	6.66796938605824
"83"	1.67068708518749	1.90289436875125	1.79973120578937	1.97170948836298	2.33712768554225	4.5259000589659
"84"	2.03823083026514	2.00556809352118	2.03536355611176	2.02165438055334	1.96638425387347	5.12694836385859
"85"	2.11337545516354	1.89112929883795	2.23587116010505	1.98550374295046	1.93693737050134	5.36202187531367
"86"	1.99427291616999	2.03868812561734	2.19970842199151	1.44072706298281	2.0344742174145	5.40982077975981
"87"	2.38850821479176	2.15521365816351	1.87830387671765	1.84313068205929	1.5979564651503	5.44693762963396
"88"	2.6188467218882	1.56972478129824	1.9108685246529	1.89242904012644	1.22453028290311	5.29832594173142
"89"	2.18691301856756	1.72290241183084	2.15011347119358	2.42716089795712	2.16360774158046	4.31565423683691
"90"	1.84718938588678	2.19520398320961	2.08844807038017	2.3623779341377	1.95527635811357	5.5516733414787
"91"	1.81776946522456	2.01886117389047	2.09871041011713	1.98694226118116	2.25823292268888	5.10457502953554
"92"	2.27371067693951	1.90430001838367	1.48427162428956	1.53592657994753	1.86837261183927	4.09970885219593
"93"	1.8495019812978	1.84394410704404	1.9982791314236	1.52071210256258	2.02106300580418	5.43839935911968
"94"	1.91640043021048	2.00989116540289	2.33737824758762	1.72754675078006	1.91830198176844	5.06153839784047
"95"	2.19034050733998	1.32910101071363	1.83291182760443	1.94375552546428	2.41599685430528	4.73387607580951
"96"	1.89105348469318	1.77751816103803	2.04888608194112	2.05794629036142	1.85765882859274	4.57570713035761
"97"	1.9992491147893	1.7305022889136	1.71926272837568	1.9884792695921	1.6536046148765	4.50672377508159
"98"	1.71217875396129	1.03779675112871	2.34419070739052	1.8703251709792	2.44425037047785	3.4498549326738
"99"	2.14121678462481	2.98161510979415	1.67781201501245	1.81542282836227	1.99505260229708	8.99325610649386
"100"	1.64841987702157	2.00930338956292	1.95694037658461	2.23974678430131	1.92768666700672	4.61856626303763
"101"	2.5426697346237	1.89442203521715	2.43559126424315	2.4255046000535	1.66635363908026	5.62536380874791
"102"	1.71607663651728	1.64088622399385	1.80019475849839	1.50721444175685	2.20971433510502	3.52274566429679
"103"	1.87760809502676	1.52546971749282	1.75147699539733	2.14418635944437	1.38091280988688	4.20344876572433
"104"	1.93569967521416	2.10672708110282	1.99707675987159	1.97786751763963	1.62901689396902	4.43543996198783
"105"	2.31884555291715	1.81788395512529	1.25188062395521	2.01693652030362	1.74177967765405	4.87758597170759
"106"	2.08755795156387	1.9887681289096	2.21085322030176	2.21254823598369	2.27976505942194	4.9542540243422
"107"	1.87045209372991	2.09824460559744	2.05994626430962	1.937794813015	1.96840890667558	5.17885781411663
"108"	2.14268526015333	1.91660769332047	1.73877196674557	1.74338181384068	2.07254535783639	5.340118656404
"109"	2.15065377480617	1.98156253596198	2.18835710250212	2.02965414260491	2.0692797059109	5.97183076604294
"110"	2.04232247316671	1.91401224989518	1.99988054017839	2.12528489716478	2.04683529252375	4.90362682047459
"111"	2.60247675005449	2.15691915407605	2.09339765124249	2.25508290841005	1.85661845035537	6.68781180820665
"112"	1.98057141024239	2.07665805682485	2.21854931854267	2.02845162691464	1.98165851674938	6.66158308234726
"113"	2.00353350402166	1.87786941979274	1.37265799908773	2.07315292501139	1.75129411645598	1.19312583189202
"114"	1.97270340754728	1.79126092432317	2.32866249793858	2.18571457427851	1.95531872682947	4.99865992056059
"115"	1.58027145221505	1.8099930695305	1.70101949299051	1.79343969839029	1.95707256583516	4.28091655397507
"116"	1.89290041508872	2.01083360928394	2.32632897408334	2.27063814272503	2.17999422850808	4.39759902087124
"117"	2.19606180031364	2.27980542917059	2.29278958659221	1.7178583268455	2.16187013795792	6.79772725789581
"118"	1.55268203198155	1.21006929039068	1.59468775591758	0.91649764774872	1.17508875240116	1.98621848360816
"119"	1.76832373734106	2.07442407770428	2.01046874196228	2.01037227134831	2.34907810127247	5.97062905280758
"120"	1.94617944489563	2.22471324798845	1.93770791305875	2.00632058474511	1.99413670408297	5.28385824066065
"121"	1.89367314227302	1.87406431675567	1.80429776104329	1.7388045779473	2.35943255589775	4.75417487586515
"122"	2.04206253542241	2.09270110617946	2.06806226258547	2.21621491105259	1.70307199356803	4.9909028211827
"123"	2.00367842345972	1.95281152375007	1.80374076058513	2.28391725973386	2.11240741099996	4.93655138938251
"124"	1.95905325074848	2.31547730884619	2.34209641935231	2.24151312311488	2.47185512412586	5.15473342874606
"125"	2.30965378789123	2.34164712947318	2.23489467598994	1.29075161770215	1.7671085455787	3.54459598935772
"126"	1.93709478030591	1.81656880301701	2.07437419641784	2.30606888545424	1.89277965420056	5.38249522918057
"127"	1.94886583224009	2.13266421329444	2.0036519773223	2.03008818451811	2.06481717119785	5.17094747992671
"128"	2.11595870426935	2.72905658679041	1.79221334740816	1.64784206095464	2.66820418482947	7.98210307433074
"129"	2.09827062380026	2.28871029023546	2.05625650717524	1.64455766406358	1.76692289556374	5.9533725443655
"130"	1.91371005761475	2.50091844712484	1.90375359710975	2.18748356017278	2.2777935453106	6.51540596865306
"131"	1.92207599052722	2.07151894179079	1.78211205361115	1.78438583511349	2.08288751990549	5.31374654653666
"132"	1.91779298413675	2.01633758941631	1.91409500765326	1.74256580638082	1.80027967497634	4.41921840741916
"133"	2.09222791120281	2.09123137176836	1.75623260951377	2.16767346178179	1.80182296098826	5.60240936563134
"134"	1.99001429199082	2.36798941035324	1.8295553209517	2.35930177090622	2.06388095816434	6.53338229897819
"135"	1.97363815936469	2.03923265507078	1.42872087202633	1.40411893799202	2.05266293830154	4.27396519124844
"136"	2.31226419412855	2.36637620547148	2.04635245328086	2.13905908945093	2.25527216711715	6.43784924516964
"137"	1.61191426368609	2.14480970263044	1.59246742507086	2.89656224121339	1.67205795318784	5.19707064811402
"138"	2.16430658602385	1.72933713031956	1.91540675798675	1.67438707811909	1.95619983254006	4.3326157825899
"139"	1.58903452550984	2.27501941827004	1.48504898493734	1.8388324199706	1.27676707923628	3.94161007720813
"140"	2.15278548681196	1.723429564805	1.64424769406555	2.10708565073558	1.67978098905341	4.80918541691108
"141"	1.92531269308837	1.95541066353906	1.96160896883749	1.97487792800876	1.97356521797315	4.9776561019148
"142"	2.07861504572649	2.2220565219406	1.92777942551141	2.25736028008259	2.36017516107164	6.36805374531147
"143"	2.17005473575766	2.25079225829187	1.91999823299319	1.79548984639686	1.29855781460946	6.17135895518013
"144"	2.63830672201004	1.72630906740112	2.85322736358556	2.13936517377129	2.45285635945574	5.4549402713862
"145"	1.70030468917053	1.84744075732376	1.77553001258783	2.12285100601078	1.9220450645896	4.04445578244822
"146"	2.01338142284683	1.91402353933511	2.01209121043701	1.98529078951064	1.98294046212068	5.06701616085089
"147"	1.99717537870872	1.94032840956915	1.89621290753054	1.93320952995561	2.0323300682956	5.35231323022098
"148"	2.37233834054907	2.23049469644556	2.18784002202039	2.59496238921543	2.38994087087297	5.78438456686629
"149"	2.08875017421841	2.24758929852341	2.01873163326264	2.19175369818402	2.33390588574624	7.0555113336728
"150"	2.61582795592774	1.82054745569991	1.85618365228188	2.33700279303566	1.40074754759058	3.9665105683466
"151"	1.85961753378315	1.74291308802166	1.71079751268868	1.84956466413729	2.07326813764418	4.63526392134508
"152"	1.88516225125694	2.01848496892343	2.43456722200089	1.62537117208845	2.20893330813777	4.97751433695259
"153"	2.00198167071709	2.08868416425133	2.07136987865945	1.93636652848518	2.29597172876252	5.81962015225661
"154"	1.92976840656914	1.90943077101054	1.93139477968088	1.89258838132418	1.81657626950976	4.73969201130698
"155"	2.68745403374847	2.44384631715416	2.17352642793928	2.43550110237589	2.69894069190452	6.67441704907857
"156"	1.87671886637473	2.17034870207112	1.91341984733213	1.94583098648119	2.0021645003963	5.34066368028643
"157"	3.12746608019465	1.93165411914855	1.91967227725201	1.39233228798586	1.48690869927327	4.34893559610222
"158"	2.17438525875711	2.43561022327166	2.17094873940254	2.25029506810358	1.63336456628044	5.88666303881077
"159"	2.05054666705436	2.52664800781944	2.26563556598334	1.87402408833101	2.6449872381959	5.43213291077185
"160"	1.64550036374739	1.65105841561642	1.88636724559071	2.07822858383746	1.94684720117277	4.13570352903166
"161"	1.88024765457983	1.97610274842979	2.16826188233072	1.9404087575103	2.10831929436634	5.50548964755978
"162"	1.8731372749623	1.67377172159621	1.89553488644861	1.87222834957237	1.9754711565338	4.70102641157909
"163"	1.31810652210602	1.9970712278267	2.42485389007457	2.24109160586229	3.22383019956642	5.29933534486415
"164"	2.39517977306577	2.21567519186489	1.96273345420394	2.32719049723433	2.07701763620841	4.69657771266804
"165"	1.97564774855725	2.07691377377084	2.05660218398524	2.0983083904277	1.76374019077879	4.64180287962159
"166"	1.58892242700124	1.906644215141	2.29248205366384	2.06163957665948	2.47276325028425	5.2780364673721
"167"	1.75475968354166	1.39874914088352	1.15187407647457	2.04173801385395	1.43238312185494	3.83701764548258
"168"	2.07096084799642	2.14674227227799	2.00042116873438	1.85204248112643	1.94264907255477	5.5915977963108
"169"	2.85163672856928	2.07924011600582	1.07424897064791	2.73712283097629	2.02956872536917	4.24530107492917
"170"	1.93860202098367	1.48458203062369	2.68412173731567	1.82757342688056	2.04730239717879	4.91541726567508
"171"	1.78285239437605	2.1079927956175	1.88147830222833	1.91521054173745	2.01348767024917	5.41467315496232
"172"	2.03667454140541	2.11769393054476	2.62612555586918	1.95891127656112	1.48884289247472	5.09891945912897
"173"	2.329481959531	1.19552200428277	1.57871761886839	1.78161572004023	1.80138527222155	3.83969380786906
"174"	1.91019533163608	2.35091869253012	2.32229391934594	2.28825443256357	1.92216111242072	5.32950514384502
"175"	1.99438027281989	2.27114464631825	2.65142226049081	0.9193823637009	2.32861799817266	7.88966816917438
"176"	2.04864348703933	1.97136146393954	1.94615220065048	2.00774953128538	2.03921348379683	4.99601961029796
"177"	2.17804487571511	2.20461893341205	1.70248768168893	1.97509502605775	2.30519064983506	6.45707702144722
"178"	2.39341975433279	2.03924886271844	2.1835437819454	2.0432863729518	2.2892055501564	7.1414927187044
"179"	1.99521083299874	2.58886157517297	2.23017856532367	2.76527431444503	2.45670634641929	6.14760850220875
"180"	2.02620559007205	1.95371621803484	1.86453778725844	2.11531034210663	1.95298246263328	4.89020496447046
"181"	1.76774018208175	2.33407404467556	2.16237695928332	2.32184566919014	2.32661342400832	7.03161248824989
"182"	2.80693985010344	2.14365203709196	3.24081480822969	3.10367128750231	2.79290601072993	4.97865920380117
"183"	2.14638221492946	1.86651207254427	2.17820611471048	1.99867376026057	2.033872056408	4.74337515443133
"184"	1.78021744057969	1.84729184699198	1.91468210405471	1.74757476981008	2.18313008624921	5.48042163560421
"185"	2.28361462395666	1.78459148189129	1.95210789904163	1.89892302487436	2.11393302869216	5.1442028758425
"186"	2.17408430074236	1.96298573447952	1.91312501790596	2.06145773780837	2.02113554868414	4.52887262510143
"187"	2.52831598642253	1.66295638023997	2.31479036253409	1.96026051077894	2.5604182584803	5.03803481204662
"188"	1.41793192345602	1.82437692809797	1.94220026449444	1.90554924877718	2.23128276680526	2.98100151549043
"189"	2.0226605014594	1.81941974508984	1.80795882780498	2.09733318984954	2.59131659398112	4.84212895313637
"190"	1.88081264350006	2.03356060397339	1.77557848938177	2.14466600991428	2.01293801686247	5.02273160385598
"191"	1.93596546546724	2.1528854039977	2.09748271482576	2.03629272027552	2.16754654992692	5.26234958478576
"192"	2.09577676086721	2.1089843372632	2.14082380596085	1.88616520587356	1.96816109075269	5.6242244288483
"193"	1.95333216959727	2.14471557316396	2.1079858703886	2.05101881400879	2.26147882854018	5.44478717232669
"194"	1.85236100580381	1.73378925026792	2.20426152355484	1.61197315358637	1.84122792601172	7.12287020278319
"195"	2.10717456015133	2.08330444531985	1.94853830903406	1.70300362834192	1.86031011643531	5.02760011149982
"196"	2.13827714926528	2.19620159232211	2.56632951460671	2.22085410370324	2.23537016397457	4.99992756161639
"197"	1.86357826668274	1.59123207921784	2.1276756586894	0.56687343484388	1.73562771280924	4.960532344843
"198"	2.13328422441449	2.0400060241481	2.11152396541536	2.27785808229421	2.26989842530304	5.27577394486377
"199"	2.58104835715147	1.26376634965751	1.48923783733569	1.80516059158667	1.24588064467692	2.15451578838335
"200"	2.74850186452123	1.53761710629144	1.28633958590429	2.31992603045399	2.15870220140722	3.67348146462229
"201"	2.49697041672359	1.77878198833291	2.62125888970735	1.95535446453667	2.39871355691414	4.4194228429901
"202"	1.83702105546907	1.97092980639779	1.96449276073236	2.10206848189877	1.98362743932236	4.65190494844459
"203"	2.00200252574267	2.27714410713534	2.02872278354852	1.8515593509805	1.72799424509552	5.28823181978169
"204"	2.6264143072696	1.88247391164023	1.97895653057126	1.87110092658816	1.98380797704703	5.10170974976044
"205"	2.4033431541323	1.86848908941153	1.9451091491584	2.22348126828669	1.73078688011657	3.79044933446403
"206"	1.47407901584251	2.14991128404734	2.01888278703865	2.24867418327702	1.98577827245137	5.51257235517965
"207"	2.20817239346217	2.0879125363709	1.77926057520425	1.93987961373816	1.70991830034545	4.89466387789864
"208"	2.12759905097705	2.14185396267387	2.14197170421268	1.80452002051167	1.6809105592029	4.78993502302765
"209"	1.86600541218911	2.00704227412035	1.94607462929372	1.94017165366856	1.98569843398205	5.1660155200777
"210"	2.29527660033859	1.85488080513764	1.95919605503638	1.68721407742071	1.94502173871982	6.30362166110711
"211"	1.99967997324676	1.58585607003475	2.37591453157915	2.08376098480408	2.4515521488799	4.63961809408848
"212"	1.69877309656429	2.38493111964415	2.06967179427997	2.38346597018723	2.5813576402605	6.03080254789672
"213"	1.97966680744609	2.0584600829639	2.10857495296273	2.12089273063526	2.09098529428463	5.50605314579317
"214"	1.53259707145939	1.77028720202419	1.89029094032789	1.57668207133245	1.75812568024743	5.03301452391945
"215"	2.10177197624764	1.98354784466268	1.93374534591375	1.90654675845118	1.92045237054266	4.22634647606647
"216"	2.33552506131915	2.42198846323607	2.87897389589597	2.01007380419328	2.43190347339686	6.98546501150267
"217"	0.70439157208336	0.53987557077048	1.00038667213606	1.66775417339253	2.2129132115058	0.77929962638482
"218"	2.12970097261999	1.86504204117273	2.10804839850722	1.52275495222408	1.91743676561477	4.56636076354189
"219"	1.66172538803589	1.34818672974426	1.40637430835013	1.91224313891567	1.55289758410905	5.26665353841781
"220"	1.80667086172077	2.24595816075408	1.70456489733175	2.06868060673469	2.01248945678909	5.52613497805923
"221"	3.13803195091591	2.26096138661104	2.67193619707268	1.77949779751076	0.71509722535929	4.02128424046919
"222"	2.19448732174024	2.15333901983093	1.79995062600611	2.27424643066904	1.87355555805121	4.29542027683045
"223"	2.36454458501816	2.01860758868674	1.87726448295281	1.66772318766029	1.82374314099328	5.64974723189581
"224"	1.5974720249512	0.93683665733572	0.94915727271523	2.28513457419518	1.77131918748239	1.98569926337287
"225"	2.32361395361345	2.37470079204443	1.97485086606895	2.32300666796622	2.43209109739389	7.1482582898097
"226"	1.94275305855141	2.45128642394348	2.14117320483723	1.51720045984746	2.0622292609848	6.3387161540676
"227"	2.03604655101737	1.91213067224124	1.76499234706424	1.75489123883158	1.8747035328013	4.51306446059476
"228"	1.80475295473462	2.06660619748884	2.19600847397739	1.99316200336969	1.75327906329934	4.36138556600019
"229"	2.01874415280854	2.75620618459418	1.60294067573191	1.43485398873152	1.65404178225479	5.03714405815299
"230"	1.84949206940776	1.57989645775073	2.1259547238494	1.91790688553819	2.48778465715389	4.17036427753054
"231"	2.00768372802192	1.93181313426771	2.08830125848369	2.03021963307265	2.06625407394504	4.76573989424782
"232"	2.65742796603432	1.99475970286695	2.32289696478303	2.00695604565536	2.17160242806646	5.65481935524057
"233"	2.46466726146722	1.6685426371214	2.61034194291509	2.36359313521928	2.1994244876879	5.40559881345524
"234"	2.06780501529651	1.94641817504969	2.07905799221764	2.04637191300856	1.87618906449312	5.04660594407793
"235"	2.41458340601727	1.62985391882671	1.26347400544392	1.99931548224386	0.99744192584786	4.86797660487037
"236"	1.89078326785166	1.98362308183925	2.31195158776721	1.78445000379569	1.79776469568594	3.95921722630665
"237"	1.71506869192328	1.40669632176013	2.16800554927048	1.79691232449661	2.22057701560237	6.30537945204461
"238"	1.75194424232687	1.97721652742785	2.18147761853261	2.55269589937293	2.20171464706259	5.63133314033004
"239"	1.72523258150412	1.83281412122578	1.60250812807577	1.97413134925119	2.30994833143549	5.68129384851796
"240"	1.80302318800434	1.67350993214225	1.35229481204203	1.60765682124112	2.48866703286764	5.55983534380741
"241"	1.62250660086898	2.01939233407651	1.82042096494213	2.3270945919282	2.2652647162366	3.76874969475008
"242"	2.5482264479262	1.80313512019786	2.80304161517964	2.06910318287806	1.55515055869637	7.63423247974978
"243"	2.34787979334648	2.27198826134515	2.15516725085005	2.21714463523038	1.86570290498378	3.54830433930047
"244"	2.03502429463921	1.78132517658113	2.05286765410064	2.05351976725035	1.81716822393896	5.35560469120715
"245"	2.01812442753875	2.0145653223496	2.02423899548252	2.06145582705602	2.09056595254692	5.5059673963834
"246"	1.82861780084408	1.5267475177134	1.96433900672576	2.22885623441403	2.9611816982117	5.4303983709289
"247"	2.05583918292996	1.88468078702446	1.98835714149764	2.28000857742877	2.04118801339981	4.72899250950034
"248"	1.59645218752224	1.68543771494689	1.5214375154209	1.86528716177028	1.8187341110508	2.88754678430196
"249"	1.84797717818931	1.78485543728864	1.87154209012752	1.64042762129164	1.74244079050734	4.27216995149675
"250"	2.0569314074184	1.94906959743383	2.00915081852747	2.17674357575121	2.25058382792934	5.73364622943301
"251"	1.92907280783702	1.24540390734203	1.9857646267231	1.99999428359369	2.16957818315668	3.13837101969422
"252"	2.03818697025681	1.97532972719294	1.97484150887073	2.01361487216219	1.96382933609376	5.10225928349527
"253"	2.03772334216489	2.03137559406497	2.0690079740743	2.03648850753147	2.01465056800491	5.00330476694285
"254"	2.20529504832629	2.02042464246785	2.04867683344925	2.1018956211402	2.23440788920809	5.31927095878827
"255"	1.91093658224155	1.22819542918176	2.07730080695599	1.59252511402167	1.52378506238277	2.17571412863433
"256"	2.21912528431188	1.33857624297264	2.81936804998582	2.35346910242676	2.12463869156559	2.8384879343448
"257"	1.9903751501638	1.97641117833021	1.82331142054251	1.99171368265158	2.00564331857675	4.68552865719903
"258"	1.82159864995049	1.68469733535358	2.40516068742607	1.84156361077984	2.0283409220935	4.03127688338816
"259"	2.08317342963049	2.25074711962823	2.43680616386529	2.1361589005876	2.33910313020697	5.07457362845926
"260"	1.98040485779395	1.98837616250267	1.93475137809153	1.98915958424095	1.9203836848487	5.11903310469032
"261"	1.65265925185025	1.55064722445667	2.03591855737599	2.55223506517671	2.60696831158922	5.31521268057259
"262"	2.36652421532719	2.23996916757559	2.5631931366542	2.22041680128268	2.42977751996042	6.0185808647738
"263"	1.76465850810615	2.46438887231089	1.97995029524636	2.16057627918325	2.14095136137221	5.66495671273355
"264"	2.04679284165444	2.47179552539711	1.91067607387483	1.88441985602062	2.31335155303372	5.99842744982714
"265"	2.31770605342889	2.5868296685759	2.25710267996443	2.12580071609193	2.0505687757127	6.38974269773658
"266"	2.58686053096782	2.62654088062267	1.74061361757302	2.39270286476394	2.21050965510688	4.66831562721142
"267"	2.21360983157433	2.23207841937354	1.24438901849782	1.45955781591958	1.87649761909001	5.68992360113228
"268"	2.13884884953185	2.32023730561834	2.6914104744351	2.9089109239762	2.70513224583516	4.78256616594104
"269"	2.14869152595701	1.84626136533841	2.30294038920568	1.83023296193109	1.53386900559464	3.80364160072659
"270"	1.26708000897918	1.91263152564983	2.62899769253207	2.30443730443054	2.07979033891862	6.48480074399583
"271"	1.74031503592977	1.83979904188793	1.98865680141992	1.90891547449078	2.07598099350962	4.87352759197264
"272"	2.02571686849323	2.21200495502437	2.17487072802662	2.14967766414324	2.28188932127699	5.51660022636766
"273"	1.83722867453048	2.25339346344514	2.17810156703786	2.00427894012794	2.09998867781745	5.65568419768772
"274"	1.98130278627059	1.81122912654969	1.89256910068391	1.8230143311913	1.8637041502146	4.81112501043178
"275"	1.97302200861857	1.99332850832064	1.96120668256145	2.02649251216814	2.02495925405615	5.01403372349632
"276"	2.0474730461235	2.0848846738073	2.30371279528717	1.73140819467678	2.18800392162713	4.43892655401527
"277"	1.88198345261802	1.97298301769787	1.86176719950248	2.17076681687831	1.89995088563435	5.05377065636718
"278"	1.69969730326254	2.02735577325042	1.11575756437829	0.84801178536095	1.53950927906393	3.42699424500356
"279"	2.23303069748019	2.06170005895267	1.95742408032357	1.86411228945305	1.96659254506677	5.29247886375858
"280"	1.68756476965705	2.03591963737816	2.15874109573225	1.97763461012134	2.1323146714357	4.45332131058008
"281"	2.30818884206356	2.57370579051296	2.23355376657605	2.18030039368447	2.04711225398678	5.96062139612492
"282"	1.82621450304164	2.00337468343631	2.22247053286223	2.35886112884227	2.03643983760724	5.17795108603982
"283"	2.03390698972261	1.72938900753398	1.92194842844612	2.16069663327736	1.99047140956546	4.57295550277999
"284"	1.95619779349225	2.20557998261622	1.88311545769577	2.56390090770148	2.31099316618258	7.06112053678625
"285"	2.08133669764154	1.89686901807533	2.24684642215317	2.019009859418	1.97438967094477	4.29588021815585
"286"	2.28400703886112	1.8273941241443	1.87594236293404	1.91226335329195	1.75023857744093	4.22253590356391
"287"	1.56297723825689	2.20312445769266	2.02880372854036	2.06507911838903	2.07821467561999	5.95700640656944
"288"	1.82469842427477	1.92137685071233	1.8099100949866	1.89800741551383	1.86949663787748	5.63897681991237
"289"	2.04255666201535	2.3593352941987	2.19292732671809	2.06718940916967	2.07502260436799	5.62854100029289
"290"	1.74278267105883	1.67790929038608	2.24634360386048	2.12640656064524	1.73749113294325	3.98853139581845
"291"	2.40824519321811	1.44041167525166	2.30231070577373	1.92843935233307	2.45473738052919	4.11073478333215
"292"	1.79843871596695	2.27717615900517	2.23547089841508	2.3807270653487	1.64902465285744	4.91507709424103
"293"	2.18296641412255	2.18357674268628	1.69140039110932	1.94278797029477	1.99873377690947	4.74606922261052
"294"	2.14991688977487	1.84339615670054	1.56325415695704	2.04214706005287	2.12828674045177	4.83730672084694
"295"	2.04108248595741	1.87196304140238	1.65363939153289	2.28694496543122	1.58547984228046	4.4615847292847
"296"	1.9780186894575	1.58636625676982	2.14912488399499	1.81941155101516	1.49459655795681	3.83235600414196
"297"	1.6513889823064	1.90924489087625	1.74353173864835	1.74331084832695	2.11384408237703	5.01813921162611
"298"	2.76610305477931	1.99347374577181	2.93169660279205	2.56032084096302	2.30395066072942	5.31829337372464
"299"	1.93115997300298	1.89640847770999	2.03581589595314	2.20705540729315	2.01298877654607	4.2425119440021
"300"	1.83496441965391	2.66131349708289	2.12878878226359	1.84685563564268	2.97975855748779	5.26476023718678
"301"	1.78934819110606	1.35043995333264	1.62617969064195	1.78695640290921	1.25689093876303	3.39356445115877
"302"	2.02006503876634	1.97226639379636	2.08099177881617	2.05489160968597	2.1590781629509	4.83356267625448
"303"	2.01760117777182	2.15609893683492	2.20031889640463	1.57796919423136	2.16155928732536	5.77260978010772
"304"	2.39732081882035	2.10070302720584	2.16792810937201	2.0871537883393	2.35463149154462	5.93374552677415
"305"	1.97919490925675	2.00856438826675	1.90926470255681	2.19761074387858	1.93195621453466	5.09547783778439
"306"	2.33540213673534	1.23052787628143	1.44204844561247	2.40470117188359	2.43639925222075	4.12780182067349
"307"	1.74622439237491	1.70517118765066	1.3114544040925	1.51103671530553	2.13883236706182	3.95217585065961
"308"	2.42079565806539	1.93753175382487	2.06628533791554	1.90745258179444	2.53525304477799	7.11973317383136
"309"	1.58661927985144	2.14956644918321	1.6406767167869	2.45406146816935	1.76906081741086	4.11948849339245
"310"	1.23706012983115	1.64861685499555	1.71034257073826	2.33425464519597	2.39292394790273	2.45432171675051
"311"	2.03172035319533	1.89922380731506	2.2779758985216	2.15022920494915	1.9274850912855	4.87332080788562
"312"	2.17023183517969	2.17835419133206	1.70093024939868	2.18082456828636	1.68617042639872	5.22157500938051
"313"	2.24970769664564	1.87843640885849	1.83109462052134	1.48589368521982	2.04421239729881	4.54384000713513
"314"	2.1956847106299	2.260596376784	2.13824837310375	2.19892658337066	1.38651223980508	4.31869984138074
"315"	1.64834512323446	1.80879351882979	2.16191814852576	2.05180766041421	2.29649096707813	5.16854695464759
"316"	2.65727981982246	1.60208418571145	1.81090247980903	2.703263403231	2.18564189853798	5.88689068639773
"317"	2.56841232741856	2.44517404025404	2.03222731032492	2.34250158610429	1.80744750531618	5.85030374789379
"318"	1.97238565327159	2.15646046907122	2.1796499170348	1.72789632696539	2.07939202462113	5.3201269134821
"319"	2.38114712805731	2.13230596600452	2.45424041203818	1.4847972710079	1.95374102855612	5.48464016409828
"320"	1.94890121527515	1.93556675724148	1.58118374165394	1.99965852770338	1.39358767154758	3.91201946646774
"321"	1.92306891514234	1.78386220276693	1.72671099957024	2.10234837034427	1.92311150983275	5.51822495111185
"322"	1.75722799835674	2.31506544158098	2.26538144403847	2.65313508537203	1.87958629165241	5.58563515408097
"323"	2.47241948795667	2.15714074233986	1.98828290960856	2.0294335589034	2.54289160673028	4.41292746589718
"324"	1.67952576062139	1.72163282951603	2.02732107096794	2.30002689964243	1.81927040746933	3.36946434333697
"325"	1.34478247016096	2.0236627028151	1.7604126119114	1.56424483632954	1.85933269203185	4.72267767074912
"326"	1.97120023840701	2.00840954074963	1.97447405553687	1.99933998039981	1.99866674989147	5.15937857401909
"327"	1.90893536424903	1.2523313512239	2.22252207800933	2.71803174127017	2.05958013835119	4.19605730594424
"328"	2.04368501422313	2.07059990967118	2.05301569836207	2.03092254513564	2.02637289114865	5.00600363508616
"329"	2.18057842754304	2.67011360019341	2.2137766187019	1.70814548523447	1.91762689950434	4.14649108208036
"330"	1.65177690699002	2.01084581632021	1.66326500453782	1.50341099771132	1.78099015887943	5.02712854985326
"331"	1.71398079291166	2.26383887332078	2.38976623023332	1.8751476730625	1.74118688949243	5.19777125303614
"332"	1.83544110545138	1.91145422770568	1.81495512119378	1.81890946360786	1.87943024860105	4.58699333233362
"333"	2.16259211576003	1.95179896375016	2.02885412347954	1.75012461177261	1.59998264557043	5.4138733704677
"334"	1.9902907417854	2.22160836799993	1.87860411255179	1.3649476072894	2.62979590871001	4.44848212523385
"335"	1.96803026659558	2.01197037837002	2.0371044147127	1.85790614125756	1.94885935350499	5.16703676320118
"336"	2.32461385029346	1.3943245337187	2.19168366446043	1.80056712936961	2.50333751514922	3.60812579013431
"337"	2.05082895685407	1.99940313635595	2.32965871843025	1.9326703440783	1.72067082339528	4.64060789839759
"338"	1.81997626576176	2.09510441360969	2.32320978058598	2.00983581806828	1.9006380010749	5.21089059705421
"339"	2.34657885322478	2.25309325770682	2.26264162718826	2.23531440526724	2.31772767836847	6.12629254668882
"340"	2.11811722991095	2.1114852991985	1.89149489928433	1.98889324158315	1.8252159269178	4.78267610468244
"341"	2.01110675757608	2.21964184435758	1.55181440264546	1.88212534035848	1.98750900081178	5.42807230155405
"342"	1.80917306571307	1.40237055670545	2.82754479444149	2.13684276026977	2.00064882380642	4.96595706774913
"343"	1.37172994671546	1.35252178159655	1.7316079788822	1.55239163304769	1.96765935448899	0.53959383597221
"344"	2.41110479578263	2.31508656122481	1.83427673820853	1.66538303795899	1.13317601285282	4.25005643180976
"345"	2.01975236132086	2.23709035467906	1.96008930138294	1.5586739348976	2.57519124508599	4.45404206623358
"346"	1.6884660898137	2.5355374779568	2.76811009605811	2.51302614603144	2.31252812549355	6.46275211089903
"347"	2.09376135151324	2.06429963031423	2.01883844796435	2.05702177886189	1.96111663981446	5.42657075100498
"348"	2.29594782136247	1.88479453275084	2.16064820041095	1.55800638734207	2.39394024149979	5.51156080943178
"349"	1.93571099400386	1.90968748957267	2.00169977102221	1.97471308267104	2.02253683842172	4.90783269210447
"350"	1.87725139582703	1.68586969368774	2.1647173211065	1.74119103837748	1.84511107570875	4.65651161420241
"351"	2.74266436936306	1.93837662959196	1.84769303626069	1.89815535744663	1.66076763243018	5.14141706086223
"352"	2.04272377095102	1.86297342959315	2.16786231728124	1.69765716121044	1.77185463953982	4.90927869428589
"353"	1.71238252167536	2.01377577651421	1.51389425638583	2.04099535708851	1.45886935211607	4.39950751479475
"354"	1.99488096856354	1.98668219239177	2.02126482926807	1.85476465165618	2.21535196414831	5.7055053898629
"355"	2.25014523535321	2.06675571957744	2.9788012344616	2.72899902390078	2.14902997947928	3.78221953104133
"356"	2.13289197130803	1.97546837024327	1.90720990759593	1.83194262117249	1.55745899359045	5.30904781090735
"357"	2.03715514515786	2.55432592876482	2.1903625957313	2.82243255544658	1.96771752383071	6.10548771468152
"358"	2.31166516537892	1.88173207412932	1.86198451071091	1.95621043765791	2.20378933195124	4.94632947412462
"359"	2.43584993336658	2.16873469437592	2.67580952648135	2.2948565493567	1.86379088048833	6.42619869774657
"360"	2.14341183699463	1.99646111632204	1.92365453377372	2.00170192714575	1.97692248476588	5.4292652780889
"361"	2.04719614887537	2.12768710998705	1.98347370945349	2.16250475248054	2.07119347456067	5.77165802105904
"362"	1.91346578725046	1.89722774291264	1.83829527462738	1.57357090263502	1.97341405382358	5.32490659689124
"363"	2.04759831688508	2.38302441893965	2.30493201434551	2.00373915660592	1.78562817664657	6.37852881030955
"364"	2.31103447945315	2.58627726913954	2.7843414129605	2.95250221625458	1.57859580775706	6.18966480549154
"365"	1.81178973390969	1.95117015075565	1.76582356660636	1.72814003424518	2.30179058037987	5.62603438914455
"366"	2.406977739015	2.25261278882568	2.12395888487899	2.0255668651072	1.93952656179657	4.7729109571821
"367"	1.77999422006619	1.54652445550284	2.18809019954643	1.83050908496295	2.18564604648862	4.91467451413006
"368"	2.0371250832818	1.9963930294689	1.89092374113105	1.95685266246175	2.11351775907	5.09180973807802
"369"	2.43569163452034	2.16087621961974	1.98378600513541	2.24058898386761	2.3842175668207	4.70454278656007
"370"	2.13760112122753	1.98400793962019	2.33326775989199	1.88949564933708	2.149427615416	5.08147184630961
"371"	1.73708964054929	2.69985934582462	1.85960677245806	1.51251621155203	1.84189789764006	6.2554930701614
"372"	2.21289020477452	2.12712952564774	2.31049489044061	1.64640196919779	2.75326494988088	4.87751205281067
"373"	2.16092292255743	2.0096274559731	2.02467101233058	1.77488566723748	1.92057797426389	5.49458180427456
"374"	2.64770521710961	1.64590191720879	1.93045236842199	2.18331745422383	2.49612910555359	1.8655207046627
"375"	2.67786339789001	1.57287897079977	1.80232549315775	1.9465276420108	2.14524501414806	5.61622995292329
"376"	2.08589025720877	1.80137475388828	2.09753190147677	1.93871613320313	2.02261090730422	4.14961512711188
"377"	2.28134858157325	1.89037958231022	2.46131996303272	1.73275876384825	1.15135801784947	4.20581608154386
"378"	2.34647519425806	2.02186091025221	1.56173418409412	2.22929960587888	1.95291141887722	3.23786205137844
"379"	0.92880021542156	1.16186433102824	1.67633207441522	1.29831875370941	1.88911675191754	3.15007493449749
"380"	2.433778049833	2.21316718957171	1.89026141708576	1.83800821968271	1.92478046110516	6.66464147949325
"381"	1.67116934771152	1.94597001917759	2.14405506291914	1.74849335395892	1.73023075521584	3.7388304703627
"382"	1.90621941593665	2.02421426997698	2.10033610402437	1.9041238032252	1.91819667693415	5.23387216128881
"383"	2.43963391620971	1.75166805958824	2.42068195162162	2.4528574431176	2.25175459505491	6.19163378557062
"384"	2.17839934630498	1.00543751809819	1.9878997184375	1.49537377665498	2.80300923084446	4.59706678498893
"385"	1.72635841008388	2.36149607190849	2.06966359477766	2.16882752139962	2.32002087586369	5.52440157770197
"386"	2.64882403106068	1.64278796622852	1.81058410251532	1.81895196387322	2.40234502926797	5.15437752891046
"387"	1.86667617408034	2.10959564887404	1.94891157075332	1.83837552767849	2.05215140245918	4.85215769969615
"388"	1.83610375063512	1.96074525129746	1.78475281820912	2.14127734232756	1.94448737086261	4.00277791722182
"389"	1.56075177288811	1.51970499693931	2.21587033414698	1.1541038731672	1.69549097405533	3.82308106946467
"390"	2.08253370885878	1.89284797912845	1.91788225857026	1.92492334651183	2.3444656858605	5.29804947868442
"391"	1.64960402587498	2.27577500998668	1.52394528649907	1.8980747861132	1.72871142912665	7.21100623745958
"392"	2.06182352630674	1.65149421660326	2.06249050664735	1.99497139785843	1.91557737990798	5.8279771303605
"393"	2.01253867420074	2.07161180465339	2.02188312594755	1.96825212041142	1.98680142875737	4.94473527174964
"394"	2.12571892130495	2.74609694588595	2.56446371719949	2.29626720231122	2.82151871068331	7.40920939155935
"395"	2.08681242747456	1.74392034110908	1.42644191963646	2.20344338380796	1.82942513597284	3.77972580057878
"396"	2.00967172283541	1.82656578862595	1.85111611096763	2.10064830927934	1.82364664644637	4.94595037988448
"397"	1.8146276856411	2.428036464784	2.24243110861877	2.02544144655896	2.46483125265416	5.50379750322184
"398"	1.97922420064412	2.19907050574103	2.15932462789188	1.88610044457986	2.08681523683979	5.62530833748537
"399"	2.11928989834496	2.2010820158179	1.7265195791743	1.89680935234225	1.92339659567304	5.3877690964633
"400"	2.0338538444136	2.1527483647929	1.98420024389511	1.75413660484489	1.83827484639635	5.03567079147827
"401"	1.88826983155556	1.94004666391568	1.99653121802001	1.97857710192756	2.07173039054067	5.264022157679
"402"	2.20319967867096	1.90119681751372	2.17440736547203	2.43325198227764	1.93945411985133	4.13781698487689
"403"	1.92387102759888	2.14636856726464	1.3046229806835	1.97045836869149	1.10415172231902	6.36700931209445
"404"	1.94184573539926	1.7677495969092	2.453013369537	2.63444142520858	2.17762021478328	3.44593099010443
"405"	2.02993608743305	1.42407957785472	2.24237278282241	2.02003359631817	1.73756713812248	3.52456594856953
"406"	1.80453722685771	1.86769353410369	2.6023179787542	2.07928470103951	2.60130469845139	5.82409821853231
"407"	1.39088958043142	1.88644379200079	2.91411623472986	1.54416193593773	2.39409226733014	5.13513335629313
"408"	1.81530735255658	1.47082445776474	1.99577179693271	1.91348592286556	1.92811429719489	4.87300175666741
"409"	2.31828048118534	2.38922867831487	1.88668114222817	2.33514782295711	2.14006703802972	5.24881174864298
"410"	2.14137832255998	2.07772707471848	1.7873109344328	1.97369760864777	2.1000738308654	4.88468223005086
"411"	1.18905394153387	1.59996001547831	1.76768637364435	1.76026345538899	2.00861081827114	3.73148789453747
"412"	2.04974741403144	1.85879608025594	1.74508631410346	2.11111161598567	1.59643105453957	3.91582183427026
"413"	1.66729692908101	1.68996395006354	2.49086613703955	1.7409788020739	1.42262815485618	4.48783242926082
"414"	1.61891169855349	1.97005160233042	1.15247481128037	1.44470779289987	2.33584733541201	3.6597996716041
"415"	2.03271498286231	2.1958670944707	2.35583381767695	1.96018296820095	2.10451750692464	5.18397024137444
"416"	1.9589761621929	1.89042268590798	2.01279138745208	2.08574348023707	1.81484300056748	4.74477327916653
"417"	2.07398049910983	1.97608107765567	1.90896161179056	2.10334466682227	1.83200402947924	5.17474450785969
"418"	2.09141267007365	2.06644390324964	2.06198138913827	1.99412116747681	1.93468728279703	5.15237168857157
"419"	1.79838855672468	1.46236084295912	1.75258374833797	1.87385842029132	2.09948660548175	4.9884414495635
"420"	2.11152893684401	2.07125916940045	1.89354858251544	2.43410446483364	2.3243075587094	5.73547928437457
"421"	1.45558733289642	2.62457562993329	2.49547537637997	3.03123132593478	2.11505918266208	4.06273493080958
"422"	2.05359997738514	1.91376689458155	2.02211162268518	1.98346382561732	1.97444550482671	4.91747148839394
"423"	1.98831585685623	2.01365483385851	1.94049884315923	2.09447159518113	2.03225772306872	4.96858623980578
"424"	2.02788397756753	1.78270787581769	2.12706964970935	2.02506532860182	1.72489418270002	4.72394604747626
"425"	1.6407332411929	1.75588303316384	2.85595759860468	2.72200848439462	2.62597241329061	5.41957308173808
"426"	2.00695218252223	2.09277744863455	2.35115843458459	2.66714784958775	2.34787557348287	5.55216692753674
"427"	1.46891825319875	2.28646587058996	1.94935601319345	2.4735781328646	2.17872898813234	5.62091338116458
"428"	2.05218885719587	2.0945160202996	2.27957751147168	1.88844703921002	2.08473468978697	3.99506706149562
"429"	2.09996865934232	1.99353468624482	1.90675006741811	1.93550963077205	1.75169982088042	5.17554860524401
"430"	1.87986726689662	2.16221706958925	1.88439352400395	1.54589309423652	2.18635227929576	6.17579544303254
"431"	1.17675826812867	1.81292898369393	1.60366807072094	1.45466903332359	1.04669447647842	4.01627481592863
"432"	1.89262284875916	1.9529634720231	2.01785321995457	1.9501492124975	2.10506672867848	4.86535347161673
"433"	1.52978815827272	2.329160941517	2.35556366726242	1.78706783040268	2.09913056429524	5.77159813921627
"434"	2.09243300805015	1.98844757100118	1.91076293996828	1.94893515413805	1.96137985719508	5.20076421346444
"435"	1.96959144349136	2.05603727899053	2.22856441175134	2.15860930737554	2.0112616894617	5.0021762664752
"436"	1.99997486816947	1.95050390249298	2.10522096332731	2.04713620778089	1.90583633505134	5.00356373605848
"437"	2.47437224280468	2.03531665979851	1.96112224661601	1.55838626875455	1.79149876397994	5.20458521323557
"438"	2.04616322423169	1.8488626774749	2.0869011046521	2.02743798302837	1.94669623366125	4.71859738672575
"439"	1.15487278635979	2.45555473844682	1.88346037521665	2.05154224292601	1.55054527870822	6.16498335441003
"440"	1.05261722939867	2.09765865990585	1.81775525221412	2.00003381305939	2.1949937083961	6.87853695507561
"441"	1.73526226458775	1.88248308186934	1.69130411606881	1.89219520286291	2.02728459362677	4.57052869281207
"442"	1.97433499762401	1.8308104740141	2.14879368997989	1.90855254981725	2.23994984150291	4.58649013927627
"443"	1.95034104704505	1.66883478046811	2.15677230947378	1.63356432734005	1.99670894860413	4.13881640186312
"444"	2.10311814195353	2.62213659210191	1.93780954495254	2.53144957609108	2.21027581989077	6.50097896628563
"445"	1.96546660720711	1.95472302393906	1.99373195103236	2.0954903694913	2.12262812486961	5.11693258680101
"446"	2.35291056400621	2.15116320233997	2.3466300390769	2.12210143383237	2.19529259598382	6.67054337411001
"447"	2.61871388859435	1.89679854357549	2.74918460841083	2.48253186741284	2.06450549793836	4.82665003307398
"448"	2.35781549108263	2.75303921988066	2.21412700791392	2.2534319371167	1.86993316338191	7.82525923985728
"449"	1.90631857556727	2.24825825130225	1.77112080189468	1.5747545119367	2.07327203096451	5.16291217938597
"450"	1.64199430954652	2.02962551856527	1.77424917418756	1.88304058146693	1.63129314835598	4.81250184400519
"451"	2.02123180402967	2.43728408123217	3.08329322978257	2.62807027035133	1.86676161933126	6.39949516136793
"452"	1.91355739344533	1.12996896756265	1.72420072193901	1.47711472189126	1.38049300162883	3.10010498122941
"453"	1.80939970369646	1.89479246586879	1.96783801897863	2.07154098148928	1.99378184443258	4.27377018568517
"454"	1.9237115544956	2.00581882577584	1.6713515590642	1.64967159173877	2.05891826307732	4.74434002687109
"455"	2.02423281511612	1.84801358443283	2.32506821714568	2.09124908821352	2.07966251716923	4.42791567686579
"456"	2.48666208701566	2.06776971984149	2.05699567330313	1.50202569325647	0.90996182183926	5.87868550697385
"457"	2.40248231082671	2.52370125623873	1.82467421835928	1.70974527021746	1.642149780778	6.29608433791525
"458"	2.09394123401953	1.74771639351144	1.56777514588484	2.04020688559935	2.72560833837289	5.69465687931718
"459"	1.87888410597778	1.97341107151038	2.06976249073706	1.96870172848874	1.87635429302793	4.96072020586957
"460"	1.8784979810928	2.07364680161444	1.81468066312597	1.89649186416257	2.33321683052094	6.64559559667895
"461"	1.99710583972777	1.87565922525963	2.20898814241046	1.64927533584961	1.78598806186053	5.84725001012934
"462"	1.42195068541565	1.69228975945559	1.88324496468279	1.73840675671816	1.61174193370212	4.21220582511852
"463"	0.85261077708744	1.12930615432338	1.96399999952197	1.61371172153691	1.48183705113979	4.87143277308434
"464"	2.27247274492477	2.47557804682142	1.83191347506326	2.13276425829543	1.77013353883553	6.72715306372383
"465"	2.59389295010766	1.85629133165787	1.44037396978121	2.00973436668946	1.93234597813337	6.54990358129315
"466"	1.71004068696177	2.23834897299647	2.56434891773617	2.62632984152938	2.01604131620952	3.24945149295139
"467"	2.00781309343609	1.57349903415023	2.28416854345895	1.99169195182704	2.00181452914643	3.97225370127184
"468"	1.84763458571699	1.6284181366858	2.43575577231249	2.24484236099415	2.85421393897298	4.82880995770744
"469"	1.81506528187376	2.05332137228678	2.25719228991634	1.95238978347928	2.774518913101	5.43283745343216
"470"	2.40228487821105	1.92889690677841	2.02995267855692	2.01009231068883	2.29768741178747	4.95497834638742
"471"	1.99285279006957	1.71622003062078	2.09466403349186	1.94606264235342	2.08697868366768	4.50466602404674
"472"	2.1547795799974	1.81812199944103	1.93717204264805	2.38322997505135	1.95886362348917	4.27601598361619
"473"	1.90046684207006	2.03368253507298	1.92587453377738	2.10310584322885	1.93403044021929	5.09554591043772
"474"	1.76410278104959	1.54424651152359	1.86930125155908	1.68479000903654	2.16943991254258	3.50992446709973
"475"	2.34461079401754	1.99333243956702	2.25386761231359	2.38942481732612	1.58802794749283	5.28751644498207
"476"	2.42288046561364	1.92140613880884	2.31489836906077	2.02180766687495	2.02594379592362	4.5748629381725
"477"	2.09962101918322	1.84559853656483	2.12972738469906	1.3022745741047	1.85147846111499	4.88597625636544
"478"	2.10229059093628	2.08150199608905	2.22613978351786	2.20758278132436	2.37694055060359	5.50728526686876
"479"	2.0047034092896	2.05598976657679	2.03725840245734	2.16456158514434	2.00877561342196	4.67191258995652
"480"	1.41010025196895	1.90185657248126	1.97518442514721	1.70888150078097	2.33542257209669	3.98514420495545
"481"	1.99173715697871	2.09262702588061	2.04011469651645	2.02774882874203	2.08897294635242	5.31365644184318
"482"	3.06955481955488	2.38555512040251	2.65762868063139	2.16837722596386	3.16200032610075	5.47296374726005
"483"	1.6283729517414	1.87433298711495	1.93639719180275	2.15214116127768	1.73630940475662	3.894823966926
"484"	1.99962480906935	1.60504711303787	1.58545637447224	2.0450008054354	1.69350222716536	5.51666823492198
"485"	1.84005453858591	2.13111623572936	2.68874644876182	2.23874548988006	2.18731827588453	5.93135835067883
"486"	2.15453700857682	1.98254286426042	2.04396790766017	2.3362812927671	2.03981785609126	5.51008524226486
"487"	2.0140755406034	1.92922178617736	1.91631423730889	1.76504600160032	1.77046739003212	4.77649609118488
"488"	1.47994995806893	2.07991169052989	1.98610358567136	2.22955858806219	1.85546571063567	2.80602379930553
"489"	1.85690015899272	2.2194938921542	1.57744328470554	1.95005851087965	2.82874441504492	5.66242927624568
"490"	1.96882479736135	1.97661968163278	1.99972014449975	1.85912597308919	2.02985982879031	5.04905645668312
"491"	2.61142505242801	1.70977159535596	2.33324159235184	1.98999827081347	1.77656989639156	7.04618854556707
"492"	1.85084594020254	1.74890838993214	2.4089182891773	1.52572279936707	1.72661088051861	4.45117996391561
"493"	2.27380340930873	2.48380655221437	1.49868813552245	2.14318879263703	2.09721650466009	6.05695374390086
"494"	2.43206624976389	2.24399769545241	1.23959105142053	1.57330560590743	1.54828622193362	6.16240614301413
"495"	1.64565571665917	2.09378560508831	2.25143505208559	2.27484515372696	1.83974229676249	4.07498168136985
"496"	2.15898079557819	1.99548915758747	1.77584617146177	2.14405514259429	2.05470508992959	4.4763122113618
"497"	1.69348984256468	2.1130412014489	2.15837241887677	2.46667529705475	2.14430274728733	6.07391197066464
"498"	2.09048423650247	1.846720094344	2.02299141657664	2.21053125811485	1.95904734551869	4.88496655920647
"499"	1.91204966791318	2.39796108667078	2.75711565711444	1.96921983901186	2.32459652018458	5.30567366889755
"500"	1.98353782915511	2.54761491558803	2.46626484059586	2.28709958229559	2.14322962175692	5.32677130354648
"501"	2.50613197214441	2.27066553119061	2.13894778049546	1.87231539596853	2.18131033291863	6.23769960485616
"502"	1.82168758375447	2.20980027070156	1.94125317346922	2.09903396047124	2.21086973864074	5.03328213006041
"503"	1.68171494378821	2.70270782783336	1.55962979955042	2.13410774599632	1.79630142547813	7.09652043890309
"504"	2.10634112189886	2.34989970649264	1.35430064521409	2.10591853537879	2.14471686007803	5.79111854341402
"505"	0.88220252688456	1.58783792933756	1.95559413310478	1.39420603493675	2.076047467982	4.10557126157926
"506"	2.12768698497318	1.80269764768029	1.97756020285501	2.212175057064	2.10782339637874	5.07700394919271
"507"	2.47920319598688	2.01928302810879	2.14471867258965	2.31839284672445	2.05211671034808	6.05387719112262
"508"	1.98994275796596	2.04710655775898	2.0063462302875	2.07519462265807	1.78747226413022	5.49724033882932
"509"	1.77916173036801	2.09470251660322	1.83390232384204	2.2796729673985	2.7581827245897	7.69312371579146
"510"	2.23919831100778	1.91484851197285	1.4101770125608	2.07392855538623	2.11056605570562	4.54657645374447
"511"	1.94810820002589	2.08645437758161	1.96374578322576	2.21111396658284	1.93765769011208	5.80816210531825
"512"	1.75280988625918	2.08217412069249	1.58252295482428	1.7360007737212	1.55876943114023	5.95400399763444
"513"	1.71235116712054	1.88698682815549	2.25011727159227	1.99159925451775	1.94873937521419	4.69220706262763
"514"	1.73058125143299	2.1871536316976	2.06843857390815	1.73001568657046	2.08861157380877	5.41545191115498
"515"	1.99085762390531	2.06126020130838	1.74723274339192	2.30769729942609	1.82120104416545	4.81564821160925
"516"	1.99452404121	1.90749592573655	2.24645018768158	1.9263049697669	2.0325534986027	5.44011331222575
"517"	2.15176235145458	1.84820671019361	1.6795756446276	1.49117535569822	1.84760758676365	3.68029475812071
"518"	2.04192218198063	2.1307662406112	1.49891882026421	2.08235906809588	1.58023950415247	5.20238038322501
"519"	1.99535670759019	1.84259955571835	1.87225105038599	1.87574693349394	1.97713964228352	4.19820720384223
"520"	2.36131453404923	2.07426300198011	2.39445610129385	1.99980336228631	1.77551479219884	5.5560512147384
"521"	2.56050068109203	2.52284377485629	2.45233422261744	2.11836808257612	1.77029181312494	5.91092080169507
"522"	1.95218932497421	2.10884747224895	2.05222362493035	2.12006257599235	2.16307695488161	5.48664572416885
"523"	2.26827597563569	2.39370755416506	2.59161568389984	2.35920841596713	2.07456332987397	6.48392075721627
"524"	1.52188838965419	2.07925410830961	1.96667165734334	1.61679166176095	1.96173127343394	4.79015298360682
"525"	1.39949729513434	1.79815171326954	1.34770942740442	1.48684747965021	1.41859999074046	3.92901130120962
"526"	1.73369580848758	1.20435252712423	1.44112355041843	2.33533542980569	2.04418853760187	4.66653669697152
"527"	1.53481291913493	2.03657961319197	1.55954103140601	2.4058812234437	2.03044584393951	6.11242059183885
"528"	2.1424390989046	1.76586177362231	2.11632970808397	1.96100551504574	1.90350444988856	4.60462061833159
"529"	1.94514011169699	1.71599000786261	1.50083987497908	1.86250312608473	1.49755029769785	2.91559514846801
"530"	1.97694627518453	2.00089710161853	1.91535028215948	1.98340173014991	1.92978618250685	4.96491925775696
"531"	2.31293002540047	1.37542985936885	1.68217158599194	1.8449528020352	1.66300896212198	3.48798588949144
"532"	1.6421964607572	2.10853593698951	2.09347866308534	2.15996746129438	2.59789783050952	6.41757488765835
"533"	1.64328318317245	1.58768023139167	1.44471707077256	2.56652765397478	2.11547229335531	3.50506011933963
"534"	2.15934628047166	2.21396701990829	1.84417404077438	2.71334475624741	1.88471565394204	3.04377910602371
"535"	1.8375451614861	1.4124752851801	1.86406351438838	0.84721269392739	1.63253527882607	3.19675851339474
"536"	2.16180616285799	1.09543457366756	1.68934352510775	1.08705121282661	1.73105658960312	4.18125260912479
"537"	2.17759104478263	1.5348331570311	2.33536772585185	1.90731575945675	2.42814332907479	4.49549107026649
"538"	2.22984103647345	2.5736731080205	1.87389913978689	1.85145070640654	1.82468431649868	4.9286415122967
"539"	3.17882264470856	1.85565154667541	1.74398967854854	2.7321223261118	2.21089769230215	7.14960285291176
"540"	2.0186870047929	2.02336018945542	2.00104759103238	1.9880422405447	2.07041907369208	4.80816324569357
"541"	2.28375459693663	2.14690127251215	2.22935751340106	1.42417612513999	2.2677546089812	5.93502376529883
"542"	1.95812822795593	1.94654336618768	1.89409556204392	2.0361030312138	2.06715226643998	4.80145583801873
"543"	2.34106979409327	1.64208164304416	2.35344461597652	1.93299918113519	1.68432431479884	4.60195222355665
"544"	1.62361656598267	1.85412375392689	1.82369036999806	1.64557537726179	1.72857246874141	4.62951193058376
"545"	1.93692464748173	2.00958510453265	2.05252353063697	1.9885659415232	2.03884314222128	5.09284663076624
"546"	2.10153780534117	2.12422496204456	1.9144114995308	2.04224332969287	2.08612607394839	5.21064211558466
"547"	2.04966316584767	1.82400895756748	2.04501379041614	2.08555013364497	2.01921642075764	4.64347645360689
"548"	1.90694707168197	1.20841835463185	1.94612735416865	1.94657897364961	1.96375599863499	2.99370617205138
"549"	1.91086244410284	1.99827622104038	2.06810445308972	1.98874647410755	2.30727643765099	5.37760467989673
"550"	1.85588719984713	1.90938062169705	2.17769214901609	1.95364597062367	2.11931866143647	4.39637709474431
"551"	1.65564836531991	1.83781825673059	2.22359163334123	2.19816123341057	2.62116322987197	5.26338269342549
"552"	1.94430098445577	2.01085941192986	2.23120202706614	2.48673340272126	2.46701998498199	5.109713828888
"553"	1.76152431750849	2.20670937449494	2.27977071381648	2.0489786438354	2.16229061275343	5.92885174392686
"554"	2.03168531062864	2.0072153259685	2.10015933406735	2.08201051246541	2.10137749761934	4.97216639955857
"555"	2.10682963098912	2.03172823900044	1.9330587036212	2.33337710638445	1.9265104002708	4.42139398003712
"556"	1.85670194829121	2.04618563048059	1.77878868359919	2.86090330152685	1.3217389100124	5.50610029169327
"557"	1.76545195138026	1.6701339894974	1.73859870427405	1.48708734232547	1.03995428121139	2.69575173097529
"558"	2.36496320437548	1.86591502236309	2.26200939175598	1.83628317090787	2.0335178873215	5.96227863607817
"559"	2.07182703992363	2.21270359037765	1.94145696810818	2.18168401050958	1.91092676349612	5.84247097235017
"560"	1.97873821464006	1.97020322011018	2.00789117235756	2.02226674824401	1.94338155312136	5.16165215200339
"561"	2.39600090186862	1.71551896490424	1.88427225572245	1.93143310025433	1.94199882745065	3.88178431725012
"562"	2.39424816035015	1.92953630791203	2.57492426474539	2.02082675349809	2.43423224766217	3.92700715570633
"563"	1.66544979593864	1.97645368449846	2.16896143109557	2.09361875064596	2.10697654989049	5.71639012375292
"564"	1.41697636450079	1.04648440136082	2.33371964436588	1.65422369524673	2.15294339044109	3.67531131647605
"565"	1.94781404439124	1.97594289126617	2.00327986086044	2.04966079492214	1.98241518449557	4.02824346060688
"566"	2.09943650575668	2.14182742828678	2.29365890088827	1.97447863543829	2.21224210171688	5.48550603455736
"567"	2.1405830066048	1.21656403532249	1.96470365037182	1.34700965115489	1.85130766394319	3.46592962071626
"568"	1.92384831077514	2.18487289028198	1.68451394120568	1.73211672021496	1.51497913801562	4.51175028213425
"569"	2.00262156281746	1.78041101376952	2.14031013088053	1.71828311552517	2.05609844505411	3.50489317315308
"570"	1.76557746319893	1.53451480633662	1.52691576822834	1.77893380085853	1.43371934734063	3.29452496925921
"571"	2.0353227325443	1.87539389588866	1.85134965294511	2.04663497740581	1.7012497486253	5.28953500499293
"572"	1.68648553557522	2.05269391179996	1.58710233474747	1.62398106607595	2.34983375711978	5.99518097490238
"573"	2.33331331839904	2.03330127502412	2.32223187071304	2.72281362157072	2.67199391915366	5.43450149612155
"574"	2.47336284586956	1.714393911455	1.94145286251509	1.96629359200741	1.60814107726758	4.30482859445834
"575"	1.93319748968357	2.13696968740083	1.82689944764895	2.15929367245859	2.0083691236429	5.6003873904142
"576"	2.09661793830801	2.03791748224085	1.99350768036896	1.98800425003557	2.02101097305498	4.80811749842667
"577"	2.40053776821391	2.36825089213417	2.25049473363966	2.2728800374026	2.18588820131503	5.42913883028229
"578"	1.92258040360889	2.15651273984053	1.33712333888698	1.60058441934791	2.36793498514943	6.22570236380622
"579"	1.97910823281949	1.79241824631831	2.0986145491061	2.02266610214347	1.92013845834668	4.76121672550629
"580"	1.87881000969022	2.55518545639818	1.81767841962042	2.44673442891878	1.94553071155857	5.6309780213204
"581"	1.96077460291944	2.01468488616321	2.00723046030817	2.01149096349621	1.99808767846552	5.09881365229182
"582"	1.77924949493373	1.88758322674436	1.63069690319913	2.17862963870901	1.93584783384606	5.73943268315128
"583"	2.17738305032214	2.8743587236373	1.62579093674443	2.37413225737915	2.08657018585877	6.49222886538857
"584"	1.98030252495857	1.85350390613525	1.946229291826	1.31642590927355	1.74065443476902	4.89238290771067
"585"	1.77922530225482	2.3134568030042	2.63497527620082	2.05580055628774	1.99223863493495	5.44686743447825
"586"	1.94440338687356	1.92798639355039	1.91208186710662	1.93334667269281	1.87526552347265	4.95057010863792
"587"	2.20040674570544	1.92722298135618	2.0771250916178	2.07255129450692	1.81838339464387	4.13336988559698
"588"	1.79335884030978	1.97972508743259	2.10045790619243	1.66267154765638	1.90350933407421	5.28160953168617
"589"	2.45968329391917	1.95872373160706	1.98012646943895	1.57606232835872	2.26430148322805	3.50957935601361
"590"	2.01066130097381	1.94150667665226	2.21650782535376	2.06218779558964	1.90335132796085	4.05760798076439
"591"	2.22273727838949	1.74658614995187	1.95059658714623	1.90292647161307	1.79106841118386	4.29744630714786
"592"	1.96312228150568	1.6305634551558	2.12083497068373	2.17516327778717	2.11184023471094	5.05762077644951
"593"	2.0427782718883	1.88570054771296	1.94778168070393	1.98361570927494	1.91645705345261	5.55238036730372
"594"	1.47147199962227	1.67386818576973	1.5623716880503	1.60024273508543	1.51259136046099	2.88271522343004
"595"	1.91210940343985	2.23326742675791	1.76445592315319	2.37591261556672	2.24205284826541	5.28164838346896
"596"	1.90173413724933	1.77759842633529	1.89378685700842	2.16155588227689	1.35284344722213	4.70747898806195
"597"	1.94303875190276	1.97562227011561	1.75393158909924	1.92331753564857	2.17786727358174	6.0112530837722
"598"	2.38138397373901	2.19030930407254	2.35548277108711	2.80705938909431	2.44558254144828	4.93626569054442
"599"	2.11149765152135	1.98014284056088	1.77529231505902	1.85256320570681	2.29416790009378	5.84646990368983
"600"	2.26491082755661	2.34785549333343	2.51862927100735	2.20354832581671	1.85753525802962	6.20251695523118
"601"	2.44753336320997	1.40413254691692	2.25670769542982	2.18339838006233	1.75428754767866	4.73177968219824
"602"	2.02316604587876	1.91549073081349	2.89443303430823	2.43952726861824	2.12604553832685	5.56542820634068
"603"	2.11856675090107	2.07816213206013	2.21893028801477	1.98438501661709	2.19993528912285	4.95851644677883
"604"	2.121502142423	2.19272025749073	2.04988884608485	2.11360972627801	2.07901679825246	5.511352376479
"605"	1.8809029485272	1.9442809329177	2.18591593683386	2.22998508767571	2.07923082643034	5.4737071786104
"606"	1.93649053370352	1.46114949133233	1.87738076148046	1.8022294220151	1.87162704659399	3.52463482858663
"607"	1.53571645772874	2.34973924776234	1.91945776811366	2.22394309248968	2.1329845590394	5.14674764375737
"608"	1.52441987856264	1.86258460569152	2.02918094062045	2.52675050987007	2.23449703495124	4.15145860664419
"609"	1.88689411807838	1.62573880966615	1.45677201823643	2.61731622599068	2.0277480397567	3.4130512022053
"610"	1.59258982230335	2.19856319749516	2.09703261367212	2.12442689041994	2.08608170784	5.31846065947606
"611"	1.5550038712951	1.71036154734348	2.14790659664761	1.94105545870206	1.96345407665345	5.29245071109141
"612"	1.49847335951418	2.90436262322575	2.27590544941241	2.04641197447718	1.90542494258097	3.45136204548631
"613"	2.40653368445955	2.2173536683641	2.18821130489085	2.19250624680115	1.99689115311776	6.38517090929474
"614"	2.09946177345005	2.08585642813732	2.0364011537073	2.12307686917977	2.02986009128472	5.10668910684012
"615"	1.8579153034186	1.73118217429082	1.7723428213935	2.35555957704252	2.42772738573608	6.63041828633158
"616"	1.89112400517929	2.10277958682987	1.93882103737903	2.41114015427472	1.96242029201967	3.21833811927301
"617"	1.99310241947716	1.92094603784551	2.00853951284116	1.96273509390772	1.83815722455163	4.1080156847129
"618"	1.61700796731318	1.69726592600699	2.67262092640247	2.02380635597238	1.99750323054954	4.813105124458
"619"	1.76514473795914	2.13929966486303	2.1287438459254	1.84865337402664	1.82287799437896	4.30700344158753
"620"	2.54318558778561	1.77533055538567	2.24146592558466	1.88651725286864	1.46743740730896	4.38408223263465
"621"	2.02760362311954	2.03441760882271	2.06913116463716	2.04459896234103	2.07946027916944	5.13132651365563
"622"	1.70364421652666	1.59249096913994	2.80183116931673	1.5699207393885	2.403904185123	6.32948131590336
"623"	2.00202164685441	1.9892626295359	1.37611715505436	2.26841146571426	2.04986072373484	4.1594805196516
"624"	2.28750891053999	2.28963857763185	2.29092831294927	2.0691404866221	2.26853137561193	5.85479421096794
"625"	1.73992868592734	2.12890816493202	2.17345692282982	2.43582952915347	2.27030448815735	6.35652529255014
"626"	2.08997117165665	1.80909670590499	2.01263887833526	1.81453279861365	1.99393789432215	4.86076418158505
"627"	1.86529297879067	1.89202527756753	1.67823618327556	1.78568692338001	2.16120770872846	5.04861996154772
"628"	1.63467953921018	2.22845453434931	2.23156280360452	1.76808905214753	0.89673650603317	4.02363924184766
"629"	2.15077611297325	2.33550142184761	2.16535101244887	2.43187715273538	0.74567125800586	4.57892301041944
"630"	1.36647096847204	2.05355818118204	1.60647173770813	1.87040076474275	2.04170278592651	6.53725825159575
"631"	1.60860048141052	1.5302578303868	2.93282544419232	2.87324468259631	2.85202065504184	4.36340881062591
"632"	2.01482875348067	1.9263460058408	2.36150306395141	2.11103485358209	2.2029328963962	5.37682484320005
"633"	2.26303469702914	2.10049824356155	2.11975786758185	2.25560730458958	2.54964529048195	6.56310484756555
"634"	1.90664837058685	2.06569255280473	2.12807837004188	1.72338963232317	1.9094382710904	4.94023804621405
"635"	1.12075024914052	1.81512042147275	1.79770632233521	1.65816850851764	1.62204468345882	4.34906841580115
"636"	1.76061784604489	1.50246184210984	1.85498960990903	2.71178907211639	1.27063790719979	3.88476283870155
"637"	1.95147351775155	2.26814411926472	1.89492253945867	2.07515776850597	1.98391011469396	5.35905867604892
"638"	1.614066297902	1.70546029318012	2.11265283167193	2.49194550203927	2.16328503129426	4.09216244293752
"639"	1.15422984628809	1.62235938519152	1.64805201071898	2.33606384539161	2.21651198884157	5.77389077463171
"640"	2.55843062568001	2.38267212530304	1.84835501408811	1.48543803233995	1.64673186986682	4.5108218109016
"641"	1.95768248340122	2.07351660813593	2.31788717702796	1.76887680730374	2.10466060732477	5.40130551413812
"642"	1.5614371950377	2.59933405428862	1.23210790490212	2.21578390854749	2.45153067554453	6.4811272504625
"643"	1.95264428413754	2.19478979172767	2.05699655429784	2.54015955569693	1.61948239708599	5.57295893639818
"644"	1.59835233808146	1.9034729031414	1.78533997112286	1.96800563004657	1.71203062060034	3.94076411327169
"645"	1.97871757275751	2.00032871864422	1.90821608428808	1.96866816440404	1.96350795616007	5.22363860575607
"646"	2.12058511955749	1.98086643123509	1.93985514669005	2.08980257625911	2.10960616682793	4.55728967227106
"647"	2.25189310831886	1.88070102170277	1.82480921404797	2.25685986827081	2.36265078031042	6.28752159329721
"648"	1.89567938566988	1.93410738049973	2.0662125864191	1.27477866835969	1.84152917506355	4.45995363603268
"649"	1.82063802360646	1.47970675390744	2.07802751424461	2.3353340357927	1.73687057856706	4.47170223781766
"650"	1.95722956465458	2.02928926455558	1.94053029316652	1.89278438988269	1.94454704791746	5.02207132542804
"651"	2.01667545989346	2.26605212188251	2.04339064345854	2.2880091234716	1.90214267843648	5.4999658574472
"652"	1.90556795821507	1.81061659359326	2.47232217390482	2.20191940004982	2.22281007264942	4.84983681699937
"653"	2.05244020764815	1.64566347573195	1.8893232501428	2.19227763209825	2.47283405104815	6.18307006239865
"654"	1.99301716688798	1.97261087916056	1.97022056293551	1.98034432240275	2.03604515839394	5.14585258434269
"655"	2.39219718689716	1.9527018989482	2.27713305733335	2.34315761238562	2.19305398200375	4.98661036799628
"656"	2.47365267025981	1.65595698979672	1.69424317603051	1.43058309781851	1.25922308813344	3.90320095707468
"657"	1.70873470291683	2.02095564753083	1.84850610568375	2.09348192988876	1.81297788290145	4.8521218103983
"658"	1.81079152403425	1.81523623681154	1.63611494668369	2.0341235597705	1.8702779118859	4.18388847374149
"659"	1.82960420364233	2.17125342334325	2.24969287558483	2.06235073072577	2.00990395487045	4.95762535272749
"660"	2.07990079794802	1.97694301328306	2.15502202684198	2.00718198633685	2.11583427423338	4.74342336158799
"661"	1.4934003532175	1.59769425760093	1.7710768183839	1.87336847606825	1.99484415729895	5.12463659121507
"662"	1.99087855163304	2.39325136599473	3.61750393508465	1.96114497012523	2.52304513684846	5.57763081046686
"663"	1.43618469301934	2.58060540271967	1.4133686518274	2.41151185933897	2.21428224133172	5.89444026034453
"664"	1.93775084628534	1.70370004557289	1.95808414683957	2.30644395369919	1.61396702242974	4.66546991918341
"665"	2.10369319793761	1.79578120620105	2.13438004913066	2.09350699488801	1.90443527389862	4.52480501787529
"666"	1.68443413175697	1.90797492431622	1.85889134786432	2.14892285379118	2.61631204129724	3.89819161543571
